%green=[0.23137     0.44314     0.33725];

light_green=[0.75686     0.86667     0.77647];
green=[0.16471     0.38431     0.27451];

blue=[0.078431     0.16863     0.54902];
light_blue=[0.80392     0.87843     0.96863];

red=[0.4           0           0];
light_red=[1         0.4         0.4];
%red=[0.8           0           0];
%light_red=[1         0.6         0.6];

yellow=[1           1         0.9];

cmap=[green; red; light_green;  light_red];  

colorR12=[0.82745     0.36078           0]; %orange
colorHT=[0.32941     0.49804      0.9098]; %Blue
colorG1=[0     0.56863     0.56863]; %green
colorPF=[0.5 0.5 0.5];  %grey
colorCAZ=[0.92549     0.71373     0.54902]; %light orange
colorAMP=[0.54902     0.80392     0.80392]; %light green

%colorR12=blue;
%colorHT=[0 0 0];
%colorG1=green;
%colorPF=[.5 .5 .5];
%colorCAZ=light_blue;
%colorAMP=light_green;